disp('Cedillo Ismael')
Cedillo Ismael
disp('NRC: 4140')
NRC: 4140
date

ans =

    '10-May-2022'

clock

ans =

   1.0e+03 *

    2.0220    0.0050    0.0100    0.0120    0.0270    0.0263

clc
sin(pi)

ans =

   1.2246e-16

disp('sin  cos  tan  sec  csc  cot')
sin  cos  tan  sec  csc  cot
cosd(180)

ans =

    -1

tanh(pi/2)

ans =

    0.9172

acsc(1)

ans =

    1.5708

acotd(1)

ans =

    45

asec(-1)

ans =

    3.1416

asech(-1)

ans =

   0.0000 + 3.1416i

p = [-30 7 0 9 -3 4 1 3 -2]

p =

   -30     7     0     9    -3     4     1     3    -2

roots(p)

ans =

  -0.6226 + 0.4074i
  -0.6226 - 0.4074i
  -0.2885 + 0.7049i
  -0.2885 - 0.7049i
   0.3693 + 0.6248i
   0.3693 - 0.6248i
   0.8574 + 0.0000i
   0.4597 + 0.0000i

poly(ans)

ans =

  Columns 1 through 8

    1.0000   -0.2333   -0.0000   -0.3000    0.1000   -0.1333   -0.0333   -0.1000

  Column 9

    0.0667

p

p =

   -30     7     0     9    -3     4     1     3    -2

p/-30

ans =

  Columns 1 through 8

    1.0000   -0.2333         0   -0.3000    0.1000   -0.1333   -0.0333   -0.1000

  Column 9

    0.0667

clc
q = [7,8,2 -1]

q =

     7     8     2    -1

conv(p,q)

ans =

  -210  -191    -4   107    44    22    24    40     8   -11    -7     2

polyder(ans)

ans =

  Columns 1 through 7

       -2310       -1910         -36         856         308         132         120

  Columns 8 through 11

         160          24         -22          -7

deconv(p,q)

ans =

   -4.2857    5.8980   -5.5160    5.2924   -4.0584    2.9095

disp('deconv divide polinomios')
deconv divide polinomios
polydev(p,q)
{Unrecognized function or variable 'polydev'.
} 
polyder(p,q)

ans =

  Columns 1 through 7

       -2310       -1910         -36         856         308         132         120

  Columns 8 through 11

         160          24         -22          -7

disp('multiplica p con q y deriva')
multiplica p con q y deriva
polyval(p,7)

ans =

  -167033729

a = 1:8

a =

     1     2     3     4     5     6     7     8

b = 9-a

b =

     8     7     6     5     4     3     2     1

a+b

ans =

     9     9     9     9     9     9     9     9

a-b

ans =

    -7    -5    -3    -1     1     3     5     7

a*b
{Error using <a href="matlab:matlab.internal.language.introspective.errorDocCallback('mtimes')" style="font-weight:bold"> * </a>
Incorrect dimensions for matrix multiplication. Check that the number of columns in the
first matrix matches the number of rows in the second matrix. To perform elementwise
multiplication, use '.*'.
} 
a.*b

ans =

     8    14    18    20    20    18    14     8

a./b

ans =

    0.1250    0.2857    0.5000    0.8000    1.2500    2.0000    3.5000    8.0000

a.^b

ans =

  Columns 1 through 7

           1         128         729        1024         625         216          49

  Column 8

           8

p = a<5

p =

  1×8 <a href="matlab:helpPopup logical" style="font-weight:bold">logical</a> array

   1   1   1   1   0   0   0   0

q = a==b

q =

  1×8 <a href="matlab:helpPopup logical" style="font-weight:bold">logical</a> array

   0   0   0   0   0   0   0   0

q = a~=b

q =

  1×8 <a href="matlab:helpPopup logical" style="font-weight:bold">logical</a> array

   1   1   1   1   1   1   1   1

k = (a>b) & (b>-3)

k =

  1×8 <a href="matlab:helpPopup logical" style="font-weight:bold">logical</a> array

   0   0   0   0   1   1   1   1

k = (a>b) | (b>-3)

k =

  1×8 <a href="matlab:helpPopup logical" style="font-weight:bold">logical</a> array

   1   1   1   1   1   1   1   1

t = [-pi,50,nan,0,inf,105]

t =

   -3.1416   50.0000       NaN         0       Inf  105.0000

exist('t')

ans =

     1

isinf(t)

ans =

  1×6 <a href="matlab:helpPopup logical" style="font-weight:bold">logical</a> array

   0   0   0   0   1   0

isnan(t)

ans =

  1×6 <a href="matlab:helpPopup logical" style="font-weight:bold">logical</a> array

   0   0   1   0   0   0

isfinite(t)

ans =

  1×6 <a href="matlab:helpPopup logical" style="font-weight:bold">logical</a> array

   1   1   0   1   0   1

clc
disp('ischar  isempty isequal  isfloat  isinteger  islogical')
ischar  isempty isequal  isfloat  isinteger  islogical
disp('isnumeric  isprime  isreal  isscalar  isspace')
isnumeric  isprime  isreal  isscalar  isspace
disp('xor any  all')
xor any  all
help ischar
ischar - Determine if input is character array

    This MATLAB function returns logical 1 (true) if A is a character array and
    logical 0 (false) otherwise.

    tf = ischar(A)

    See also <a href="https://www.mathworks.com/help/releases/R2020a/matlab/ref/cellstr.html">cellstr</a>, <a href="https://www.mathworks.com/help/releases/R2020a/matlab/ref/char.html">char</a>, <a href="https://www.mathworks.com/help/releases/R2020a/matlab/ref/is.html">is*</a>, <a href="https://www.mathworks.com/help/releases/R2020a/matlab/ref/isa.html">isa</a>, <a href="https://www.mathworks.com/help/releases/R2020a/matlab/ref/iscellstr.html">iscellstr</a>, <a href="https://www.mathworks.com/help/releases/R2020a/matlab/ref/isletter.html">isletter</a>, <a href="https://www.mathworks.com/help/releases/R2020a/matlab/ref/isnumeric.html">isnumeric</a>, <a href="https://www.mathworks.com/help/releases/R2020a/matlab/ref/isspace.html">isspace</a>, 
        <a href="https://www.mathworks.com/help/releases/R2020a/matlab/ref/isstring.html">isstring</a>, <a href="https://www.mathworks.com/help/releases/R2020a/matlab/ref/isstrprop.html">isstrprop</a>, <a href="https://www.mathworks.com/help/releases/R2020a/matlab/ref/string.html">string</a>

    <a href="matlab:doc ischar">Documentation for ischar</a>
    <a href="matlab:matlab.internal.language.introspective.overloads.displayOverloads('ischar')">Other functions named ischar</a>

doc ischar
help isempty
isempty - Determine whether array is empty

    This MATLAB function returns logical 1 (true) if A is empty, and logical 0
    (false) otherwise.

    TF = isempty(A)

    See also <a href="https://www.mathworks.com/help/releases/R2020a/matlab/ref/eq.html">eq</a>, <a href="https://www.mathworks.com/help/releases/R2020a/matlab/ref/ismissing.html">ismissing</a>

    <a href="matlab:doc isempty">Documentation for isempty</a>
    <a href="matlab:matlab.internal.language.introspective.overloads.displayOverloads('isempty')">Other functions named isempty</a>

doc isempty
t = zeros(0)

t =

     []

isempty(t)

ans =

  <a href="matlab:helpPopup logical" style="font-weight:bold">logical</a>

   1

s = [1 2 5]

s =

     1     2     5

isempty(s)

ans =

  <a href="matlab:helpPopup logical" style="font-weight:bold">logical</a>

   0

cat = " "

cat = 

    " "

isempty(cat)

ans =

  <a href="matlab:helpPopup logical" style="font-weight:bold">logical</a>

   0

cat1 = ""

cat1 = 

    ""

isempty(cat1)

ans =

  <a href="matlab:helpPopup logical" style="font-weight:bold">logical</a>

   0

help isequal
isequal - Determine array equality

    This MATLAB function returns logical 1 (true) if A and B are equivalent;
    otherwise, it returns logical 0 (false).

    tf = isequal(A,B)
    tf = isequal(A1,A2,...,An)

    See also <a href="https://www.mathworks.com/help/releases/R2020a/matlab/ref/eq.html">eq</a>, <a href="https://www.mathworks.com/help/releases/R2020a/matlab/ref/is.html">is*</a>, <a href="https://www.mathworks.com/help/releases/R2020a/matlab/ref/isa.html">isa</a>, <a href="https://www.mathworks.com/help/releases/R2020a/matlab/ref/isequaln.html">isequaln</a>, <a href="https://www.mathworks.com/help/releases/R2020a/matlab/ref/strcmp.html">strcmp</a>

    <a href="matlab:doc isequal">Documentation for isequal</a>
    <a href="matlab:matlab.internal.language.introspective.overloads.displayOverloads('isequal')">Other functions named isequal</a>

doc isequal
isequal('A',66)

ans =

  <a href="matlab:helpPopup logical" style="font-weight:bold">logical</a>

   0

isequal('A',65)

ans =

  <a href="matlab:helpPopup logical" style="font-weight:bold">logical</a>

   1

a = 2

a =

     2

b = 2

b =

     2

c = 2

