disp('Grupo 5')
Grupo 5
disp('NRC: 7543')
NRC: 7543
date

ans =

    '08-Jan-2022'

clock

ans =

   1.0e+03 *

  Columns 1 through 4

   2.022000000000000   0.001000000000000   0.008000000000000   0.022000000000000

  Columns 5 through 6

   0.018000000000000   0.009923000000000

clc
data1 = readtable('C:\Users\ismae\OneDrive\Escritorio\Ejercicio1.csv');
[Warning: Column headers from the file were modified to make them valid MATLAB
identifiers before creating variable names for the table. The original column
headers are saved in the VariableDescriptions property.
Set 'PreserveVariableNames' to true to use the original column headers as table
variable names.] 
data1

data1 =

  47×4 <a href="matlab:helpPopup table" style="font-weight:bold">table</a>

    <strong>Diametro_mm_</strong>    <strong>Seccion_mm2_</strong>    <strong>Capacidad_A_</strong>    <strong>Resistencia_O_Km__</strong>
    <strong>____________</strong>    <strong>____________</strong>    <strong>____________</strong>    <strong>__________________</strong>

        0.05               0            0.01               8500       
        0.06               0            0.01               6800       
        0.07               0            0.01               4250       
        0.08            0.01            0.01               3400       
        0.09            0.01            0.02               2696       
         0.1            0.01            0.02               2152       
        0.11             100            0.03               1700       
        0.13            0.01            0.04               1338       
        0.14            0.02            0.05               1069       
        0.16            0.02            0.06              845.8       
        0.18            0.03            0.07              669.3       
         0.2            0.03            0.09              531.2       
        0.23            0.04            0.11                425       
        0.25            0.05            0.15              333.3       
        0.29            0.06            0.18              265.6       
        0.32            0.08            0.23              212.5       
        0.36             0.1            0.29                170       
         0.4            0.13            0.37              130.7       
        0.45            0.16            0.46              106.2       
        0.51             0.2            0.58                 85       
        0.57            0.26            0.73               56.4       
        0.64            0.33            0.92               51.5       
        0.72            0.41             1.2              41.46       
        0.81            0.52             1.6              32.69       
        0.91            0.65               2              26.15       
        1.02            0.82             2.5              20.73       
        1.15            1.04             3.2              16.34       
        1.29            1.31             3.7               12.9       
        1.45            1.65             4.8               10.3       
        1.63            2.08               6               8.17       
        1.83            2.63             7.5               6.49       
        2.05            3.31             9.5               5.13       
        2.31            4.17              12               4.07       
        2.59            5.26              15               3.23       
        2.91            6.63              19               2.56       
        3.26            8.36              24               2.03       
        3.67           10.55              30                1.7       
        4.12            13.3              38               1.27       
        4.62           16.77              48               1.01       
        5.19           21.15              60                0.8       
        5.83           26.67              78               1.63       
        6.54           33.63              96                1.5       
        7.35           42.41             120                1.4       
        8.25           53.48             150               0.32       
        9.23           67.43             190               0.25       
        10.4            85.3             240                0.2       
       11.86           107.2             319               0.16       

data = readtable('C:\Users\ismae\OneDrive\Escritorio\Ejercicio.csv');
[Warning: Column headers from the file were modified to make them valid MATLAB
identifiers before creating variable names for the table. The original column
headers are saved in the VariableDescriptions property.
Set 'PreserveVariableNames' to true to use the original column headers as table
variable names.] 
data = data{:,:};
m = [data(:,1) data(:,4)]

