disp('Grupo 5')
Grupo 5
disp('NRC: 7543')
NRC: 7543
date

ans =

    '28-Dec-2021'

clock

ans =

   1.0e+03 *

  Columns 1 through 2

   2.021000000000000   0.012000000000000

  Columns 3 through 4

   0.028000000000000   0.011000000000000

  Columns 5 through 6

   0.019000000000000   0.015056000000000

clc
disp('Ingreso la Matriz A')
Ingreso la Matriz A
A = [1 -1/2 0 0 0 0 0 0 0 0 0 0 0;-1/2 1 -1/2 0 0 0 0 0 0 0 0 0 0;0 -1/2 1 -1/2 0 0 0 0 0 0 0 0 0;0 0 -1/2 1 -1/2 0 0 0 0 0 0 0 0;0 0 0 -1/2 1 -1/2 0 0 0 0 0 0 0;0 0 0 0 -1/2 1 -1/2 0 0 0 0 0 0 ;0 0 0 0 0 -1/2 1 -1/2 0 0 0 0 0;0 0 0 0 0 0 -1/2 1 -1/2 0 0 0 0;0 0 0 0 0 0 0 -1/2 1 -1/2 0 0 0;0 0 0 0 0 0 0 0 -1/2 1 -1/2 0 0;0 0 0 0 0 0 0 0 0 -1/2 1 -1/2 0;0 0 0 0 0 0 0 0 0 0 -1/2 1 -1/2;0 0 0 0 0 0 0 0 0 0 0 -1/2 1]

A =

  Columns 1 through 2

   1.000000000000000  -0.500000000000000
  -0.500000000000000   1.000000000000000
                   0  -0.500000000000000
                   0                   0
                   0                   0
                   0                   0
                   0                   0
                   0                   0
                   0                   0
                   0                   0
                   0                   0
                   0                   0
                   0                   0

  Columns 3 through 4

                   0                   0
  -0.500000000000000                   0
   1.000000000000000  -0.500000000000000
  -0.500000000000000   1.000000000000000
                   0  -0.500000000000000
                   0                   0
                   0                   0
                   0                   0
                   0                   0
                   0                   0
                   0                   0
                   0                   0
                   0                   0

  Columns 5 through 6

                   0                   0
                   0                   0
                   0                   0
  -0.500000000000000                   0
   1.000000000000000  -0.500000000000000
  -0.500000000000000   1.000000000000000
                   0  -0.500000000000000
                   0                   0
                   0                   0
                   0                   0
                   0                   0
                   0                   0
                   0                   0

  Columns 7 through 8

                   0                   0
                   0                   0
                   0                   0
                   0                   0
                   0                   0
  -0.500000000000000                   0
   1.000000000000000  -0.500000000000000
  -0.500000000000000   1.000000000000000
                   0  -0.500000000000000
                   0                   0
                   0                   0
                   0                   0
                   0                   0

  Columns 9 through 10

                   0                   0
                   0                   0
                   0                   0
                   0                   0
                   0                   0
                   0                   0
                   0                   0
  -0.500000000000000                   0
   1.000000000000000  -0.500000000000000
  -0.500000000000000   1.000000000000000
                   0  -0.500000000000000
                   0                   0
                   0                   0

  Columns 11 through 12

                   0                   0
                   0                   0
                   0                   0
                   0                   0
                   0                   0
                   0                   0
                   0                   0
                   0                   0
                   0                   0
  -0.500000000000000                   0
   1.000000000000000  -0.500000000000000
  -0.500000000000000   1.000000000000000
                   0  -0.500000000000000

  Column 13

                   0
                   0
                   0
                   0
                   0
                   0
                   0
                   0
                   0
                   0
                   0
  -0.500000000000000
   1.000000000000000

disp('Ingreso la Matriz B')
Ingreso la Matriz B
B = [1.32e-4;2.65e-4;3.97e-4;4.3e-4;2.68e-4;2.02e-4;2.16e-4;2.29e-4;2.42e-4;1.94e-4;1.45e-4;9.68e-5;8.57e-5]

B =

   1.0e-03 *

   0.132000000000000
   0.265000000000000
   0.397000000000000
   0.430000000000000
   0.268000000000000
   0.202000000000000
   0.216000000000000
   0.229000000000000
   0.242000000000000
   0.194000000000000
   0.145000000000000
   0.096800000000000
   0.085700000000000

B=-1/2*B

